121124
905029
471099
852966
466705
848937
27587
28808
374053
910125
230499
51574
38024
840576
314636
244903
904174
554107
287200
841369
11718
222442
264160
99121
268127
576934
190887
264678
186492
820953
728942
37170
117095
60485
590454
691131
504302
657989
100402
513641
200378
416809
269226
712158
366699
1617
156250
449188
994537
501464
805145
160491
576141
541900
533325
812347
957214
851776
855773
254760
902587
691741
825042
326629
405944
50079
68572
868988
274810
12542
304229
302703
22277
212097
616027
927062
596740
765075
270568
595184
980499
600036
355804
922454
188995
585205
23468
684844
701568
361145
615936
562500
855163
284759
459594
885589
232116
390747
604919
538116
